2.84 -12.5 -5 
-3.1 -5.56 -5 
-0.4 -11.1 -5 
-7.4 -10 -5 
-9 -5.88 -5 
0.36 -6.67 -5 
2.68 -12.5 -5 
-3.2 -5.26 -5 
-0.2 -8.33 -5 
0.01 -5 -5 
-1 -2.78 -5 
-3.3 -4.55 -5 
-8.4 -2.13 -5 
0.83 -6.67 -5 
-2.4 -2.63 -5 
2.32 -4.55 -5 
-3 -2.22 -5 
-8 -2.38 -5 
-7.1 -2.38 -5 
-0.8 -2.17 -5 
-3.6 -3.85 -5 
3.5 -4.76 -5 
-4 -2.22 -5 
-1.8 -1.96 -1 
-3 -3.23 -5 
-0.2 -1.96 -2.91 
4.38 0 0 
5.59 1.96 0.36 
-2.9 -2.33 -5 
-8.3 -3.12 -5 
2.93 1.96 1.62 
1.29 -1.96 -0.56 
-2.3 -1.96 -0.89 
-1.6 -2.86 -5 
-4.3 -3.23 -5 
-4.9 -2.27 -5 
-0.3 -3.33 -5 
0.79 -1.96 -2.31 
-5.1 1.96 2.27 
2.1 -1.96 -2.75 
-5.6 -1.96 -0.9 
-2.4 0 0 
2.81 3.03 5 
1.09 -1.96 -1.26 
-2.9 1.96 1.23 
-4.7 -2.13 -5 
3.37 0 0 
-6.4 -1.96 -1.39 
-1.9 1.96 1.13 
5.5 1.96 3.88 
-1.1 2.22 5 
2.04 1.96 2.11 
4.63 1.96 1.58 
0.08 2.33 5 
1.68 0 0 
-1.2 -1.96 -2.5 
4.03 1.96 3.72 
3.11 2.7 5 
0.4 3.23 5 
4.46 0 0 
4.82 2.94 5 
2.62 2.5 5 
5.63 1.96 5 
3.5 3.23 5 
1.09 1.96 0.56 
5.28 1.96 2.52